488893
400344
486236
426428
488894
429475
448677
480268
426246
443603
488894
485620
426428
426428
488894
488894
431228
478484
452109
431231
426428
448670
480013
412299
462986
431228
439225
414734
442742
446544
435630
431247
412299
441597
426569
443603
471563
411507
426428
431229
480266
426428
426428
488894
480707
482862
433694
433694
479817
450008
466189
450663
461235
462746
452001
491987
498882
438654
480213
482851
475460
408537
433905
480011
430011
458018
453978
471640
443458
426578
457193
412174
430023
430572
419200
431307
403995
446278
405904
438961
414736
486896
427138
427138
412800
452088
452034
426429
414711
426779
412289
482860
480128
427557
453707
498824
457023
412713
425757
498824
455592
431351
471630
480239
426452
477887
420767
479213
430858
431568
482857
482853
427153
482866
480361
457124
473690
427538
457195
450003
411775
456448
457176
455702
439707
433909
454361
443220
482855
482896
450440
453801
409113
430326
486796
471777
431303
443603
461102
442743
482863
491990
433577
479011
482857
421315
434258
442817
472985
472985
482864
416724
414776
482880
479347
404654
400767
477517
447437
414709
448681
438765
413020
482870
482868
401817
479124
471500
423145
403623
414729
490172
492942
465858
475131
492168
492057
497039
492556
423954
459985
457180
423294
424201
413157
410120
430741
475024
439708
435237
448215
430851
449453
449453
467546
400661
480012
449453
431795
414703
412061
446545
453979
454860
486792
486792
455513
473310
444796
475429
443007
431196
431196
414930
441669
451046
448517
422997
442788
480710
406406
478821
487093
407218
419310
448275
425457
432749
454618
475132
478460
410893
433697
405729
411845
441276
429478
481682
465345
446106
414737
438864
432016
442732
482890
482854
479150
430586
431230
482878
435669
431308
403444
478455
449163
488890
429404
429372
464016
429404
442813
441251
448848
403647
478356
414580
450066
401672
449590
434241
421027
431304
460897
425922
476153
408525
435602
441281
462161
441297
479884
479884
462120
469596
469596
401981
427514
419423
473077
400768
402411
402464
463826
470788
449250
449880
499140
444787
480715
433464
443589
433464
443589
412457
443589
442793
412712
439473
426451
462547
460730
414544
409666
449227
455303
415981
411904
480209
463667
463667
412453
485398
400911
457973
403493
404720
456323
412452
451842
459900
422016
451843
457973
411777
480152
426463
447866
455325
457972
415874
457972
400933
433290
442719
467007
490625
481110
428705
459953
457184
465942
478970
423681
412451
456492
494052
494052
439239
472776
492505
497040
465854
486794
432747
451401
406001
453220
404645
442787
480990
428259
454617
455420
463123
407364
422727
494000
492181
415975
456331
471515
457038
482850
448125
438697
422709
490964
465859
465944
453703
489212
497830
410894
466188
496642
422706
440319
431301
475129
475114
488889
465910
479853
493161
424604
404601
469429
446053
423980
451664
410601
481169
442790
482881
418802
477877
460007
473099
456472
414773
492949
423697
412266
419503
485247
480156
434610
470745
412062
474622
471832
434769
429804
427535
400336
445441
460847
465292
442791
497671
498075
420529
492399
492940
479126
456485
441282
475598
448506
497221
435880
447091
435142
435142
435142
465855
400284
400303
429596
402944
460792
456489
456471
494053
405731
497203
431302
429424
451407
401777
449221
452085
445178
478355
448081
454742
492181
456997
478431
452949
492059
492555
490117
441238
454434
410651
421920
404972
455179
454313
410403
462722
454634
408089
499913
490136
490137
440260
497500
477857
486895
413428
415700
401366
415968
438903
429318
457172
455046
457161
406918
480801
480712
448793
431388
443088
491754
431644
472777
471828
488892
453091
424689
409311
453510
433443
428434
453284
403494
426393
442794
446274
456735
422798
413910
466129
434696
453900
471724
431305
429458
412134
448813
455025
455025
406068
416838
406045
436161
490638
441248
438092
448774
454605
401174
434206
426588
422343
430567
497839
447978
413613
430521
471511
471511
439226
422710
450550
423957
448775
430981
431728
480263
448277
433280
442777
415977
429819
430736
424150
498446
431195
471575
465910
484224
482852
491355
482865
444530
490744
467726
438528
477524
462785
472999
454190
441105
455624
447596
423367
497202
489222
401724
403694
465861
456335
416081
457171
457148
410414
457106
457197
457192
457108
457191
457132
457123
457173
457122
457179
402360
456480
456432
460684
454495
469591
481168
416864
402173
456837
454285
467058
427144
432855
478901
446279
425909
433014
464454
437821
415823
405375
426586
404806
400765
416422
468271
456486
434968
450605
454803
451409
491992
470712
448500
424136
427208
400280
442515
408577
463097
480191
485279
463097
474398
465289
433400
474639
432857
451607
453093
450231
450065
454033
445463
479370
418307
480668
460011
485094
449111
405395
400339
431183
480636
448806
492019
449601
433445
447047
400941
413571
430223
455595
492339
447075
485320
477762
410836
453515
401661
413902
403594
432522
455237
465595
415423
447708
455206
453998
434493
419055
436774
457159
401804
456436
425907
435792
423602
470784
473068
449049
492102
404527
430849
454305
488893
486236
486236
465904
456735
456726
456726
414711
482870
455262
400911
426428
414709
488894
438864
438567
480213
486896
465946
465838
434610
435237
414734
412800
430607
459922
431932
403461
432732
432732
415874
415874
431231
431231
430572
430572
431307
412453
452949
452071
442791
426429
430023
400344
447682
430326
451046
444796
446052
442678
414729
432626
474398
424689
404720
455325
482855
400941
404720
435142
480209
432747
448275
435912
423349
453211
486796
450004
451607
450066
422797
473135
443451
474622
422481
487081
448215
412174
415114
482864
442742
447437
480011
442829
478951
422769
426452
410894
430851
490762
420567
454617
490744
490638
457037
421494
490829
480013
457014
426534
466189
492181
473364
482853
427138
470784
465345
487093
441669
415981
412299
425124
443220
454605
482870
493414
431351
412062
480152
408577
479124
482857
442338
404257
423896
452034
485620
421723
482851
419310
491987
419051
471724
470788
448848
456323
430858
442787
400375
448666
491992
422307
480700
448678
491890
433694
466188
411771
433443
407238
452088
412141
427514
442266
403995
478455
422902
447933
467546
460730
462547
414736
486794
415747
448005
415977
455015
473690
482862
420767
482865
427557
480990
432016
431302
422761
460892
413499
439708
405627
401398
406068
499125
438566
415557
489222
471553
446053
433014
482881
492946
421183
432629
482880
431228
403623
403493
479853
430252
498833
402360
453998
454313
454742
453301
497202
451409
460010
479826
423953
402103
402193
448559
403497
482854
422709
408537
482850
425907
442732
454220
447091
479111
409668
431303
429404
432625
453703
443007
400809
442813
490876
454954
432733
475132
427300
405823
456142
442797
427342
414682
492182
451161
456471
480707
478821
431568
478821
473947
494052
400880
494053
465590
453030
443460
418283
446278
457973
447866
455306
464491
458098
400768
456462
481110
482860
430560
480801
447619
411507
425437
403494
441720
431247
453091
414746