446542
414720
430679
464018
461046
426684
414720
414718
414720
404644
486827
426684
406042
479851
463572
479809
426690
470517
424631
455948
436616
426690
426684
441716
463579
427088
412178
424631
446542
426684
474478
464018
418581
424631
418586
421766
426684
479851
444956
400390
422695
424631
441712
426684
463579
433993
486827
463576
414720
479851
464018
426684
493172
421765
408037
427178
438854
414720
420064
470122
411278
411773
418586
449511
426684
414720
430594
414720
482000
426692
484341
466309
475055
438857
463805
413433
418586
446024
420253
426684
426615
455990
487067
435643
426692
491491
429123
426615
474633
414720
403695
426684
484614
466309
426684
441840
414720
448195
443264
426684
474476
414861
446539
474473
474473
425838
421764
461007
451014
430587
429995
462302
469226
432371
426685
475037
422956
475818
480380
411776
422373
419003
440803
470302
450949
432628
428208
471927
471927
432377
406315
473490
448946
448909
414750
432630
401180
438852
442828
422733
429266
440893
475824
474479
452084
426207
485671
462140
424229
412781
443093
449465
430018
432374
419002
460278
405610
474472
435689
427096
432386
475810
447624
446540
486830
470104
432372
400614
432376
484362
413575
442658
466131
471926
470408
467509
441103
422661
451015
447789
426423
434198
465946
432379
442624
486744
452974
443044
463575
432671
435603
436618
432383
424792
474480
487090
427100
443048
460269
405813
442642
447753
402213
435544
463158
470750
491986
411770
445115
426961
434256
441716
447971
403939
463008
491357
426651
412092
435787
435787
450220
451212
476164
486123
474476
416719
449521
414778
414730
474474
435619
401842
407110
460010
431243
415708
406095
405302
418587
450952
406032
415826
486832
426638
487309
442756
423519
474488
448156
474476
465156
460727
403769
446501
450004
442868
441116
450060
432626
443040
403766
419008
412714
413921
433797
412039
463888
460223
445256
448238
451080
413935
402481
422697
422768
405603
486955
405727
403784
419499
411820
404657
411774
414781
480661
425627
474665
430168
405049
409220
435545
473304
480662
408104
475867
439911
423817
442507
431715
441104
408183
494065
433177
447948
433272
470626
448859
427199
477822
418564
418555
484559
422581
474481
409418
412757
449172
455974
460443
466304
478200
442505
448031
485287
420255
411441
464303
436613
406061
430657
461098
435681
460419
460753
403213
426628
478817
498865
475054
475056
463550
441802
462202
435688
406049
449884
461604
444400
435727
438517
426650
412126
476774
475583
474484
460819
438467
480344
452165
436617
405425
473336
430668
443051
449848
441853
486831
416844
401984
477801
447622
447010
435687
414447
415399
422330
423956
432739
446759
477761
402047
430552
438919
449210
476190
421778
419004
429400
430154
435760
445276
447935
448936
403216
440877
443071
430794
435640
477814
470504
463881
446023
403946
419002
413698
410902
480129
423232
475874
475874
479465
477838
408101
414109
445203
402109
490292
456469
419000
440804
425808
468018
480965
411771
463118
415539
474475
423743
425628
412654
473956
474475
414740
441278
432562
463551
448251
443032
476165
443142
442299
442621
425828
481596
473009
432625
405367
436802
463574
449509
423998
478243
456004
407220
477555
456462
476585
462300
474477
484578
436693
421763
425809
461330
411288
413937
463578
413000
480602
484329
463948
474489
426603
475843
430144
413072
445201
418550
490804
486732
443057
435781
447972
448904
441537
454324
484460
445775
479125
490762
418529
425816
442208
460534
476767
435277
456075
469509
445100
413022
469509
473554
448027
463588
446507
470320
405303
426629
446568
463552
430631
431692
411346
438838
441811
489765
432553
447973
447973
418512
474673
432388
432845
401666
413395
447456
422636
465636
402094
485282
489295
447993
473162
466801
475050
422988
470058
400387
475684
415342
432666
491239
430675
402218
425839
448900
423829
422721
476734
478827
408161
410118
487091
463697
446536
422485
405048
447994
420301
457076
443581
443581
432741
443001
423910
407248
402201
443500
435274
465653
426688
449551
405376
453810
418408
422977
469073
499133
443698
430602
442591
465614
401171
430627
445280
469221
400218
484343
432378
473450
469227
492312
473063
490843
499977
452083
499913
455952
465943
443047
422930
477912
490115
410705
423751
415648
471924
482098
444283
407154
477349
406304
444512
485426
413605
423788
408138
426401
432392
425836
409263
433821
442939
486178
429420
484376
470407
407160
415726
441711
441920
450241
448915
401976
435308
449548
445302
447271
471923
413196
413196
475633
476546
471212
403778
447672
406019
445250
429164
490755
471937
405456
445216
430754
456468
484597
436614
411816
425473
426480
400760
449501
415490
408103
416046
422696
448844
426681
477778
463863
408080
470111
400613
448951
408602
426683
414721
443043
434257
409221
409221
433793
447954
486930
419402
420051
421010
443325
455702
463688
412758
474483
441982
447452
460717
474487
442319
467068
420647
443041
451223
464803
402704
422691
475649
463668
461608
482017
421094
403581
417832
445101
443049
449477
430080
441938
431406
446579
405385
417931
408691
464032
467200
460878
423731
414970
463577
442627
443359
442521
410921
426998
430801
448901
463082
436678
430846
404553
446569
477888
463587
442625
463589
470124
475643
433718
447438
435680
470758
447995
414871
438809
472795
442573
446500
401783
425914
484542
401893
484573
469090
411280
405344
429413
419493
427082
422968
471529
413019
402451
404982
445220
448926
418558
402203
449219
463278
425829
442083
480307
463573
448858
443204
432384
449591
476576
443046
412119
408022
424721
401184
407204
472372
454031
471787
477806
446744
427146
473335
453733
429134
475040
415686
467211
471835
405428
408665
416051
401154
419467
432624
440926
433477
432646
426403
416815
428733
435622
423885
423885
412188
480309
443112
442657
462625
452005
455701
419007
412125
436177
478811
413186
423834
415786
410436
478920
443110
473544
412768
484532
470523
442518
441811
426684
403142
435277
418586
447973
432628
438857
442658
486831
446542
449497
498824
445220
471926
435619
438621
427088
406042
400390
473413
435643
435643
473342
415342
421765
449848
414720
414720
414720
428208
428208
436618
445208
486830
421763
424631
421766
448261
433797
406055
448961
448961
443651
411773
463576
426651
426651
426651
426651
441822
441822
441822
414718
417008
474476
486827
486827
442624
475824
473544
419455
422317
441712
449676
463158
447289
446024
478817
478820
401180
406032
425628
438854
461040
484301
411618
415708
485671
449253
466216
432845
464018
430644
474478
474472
467601
422696
406315
429444
426615
476159
480365
412039
474477
472973
432377
447181
408181
449465
477808
443047
427121
432739
455950
432372
403766
468018
449221
432671
489272
438873
463278
409008
443040
482001
461092
435544
420036
411770
431243
422930
414740
453980
406095
433993
418587
443264
432371
434256
435685
474486
469451
486165
426698
446540
465614
429616
432392
402201
403784
414778
461046
473313
473313
426681
450949
419004
479851
406053
460282
412654
470320
443204
465344
487309
476190
449219
426685
443676
426690
491986
463588
433775
442755
411776
418581
474474
477730
440383
402605
447923
411774
435686
419002
425206
429136
431196
432630
429420
426692
435688
475822
435603
433718
447972
442756
449812
407149
422691
443044
436616
449364
471923
438782
474488
438852
416046
470523
413706
475643
426207
409237
415490
453511
445256
429176
435286
486744
442868
449230
432553
467505
446059
447094
474306
440803
400981
448195
411820
475631
435760
402442
441932
441932
413577
476584
412185
412757
421870
425808
405300
425421
471925
409263
484305
474475
430679
492497
407272
474480
403216
476164
415353
435280
430154
441716
462406
426480
447995
446705
442521
443051
414750
423327
427178
447994
448022
401838
469072
460717
446539
418582
448900
422733
462302
473389
411057
440893
461660
403769
445100
432388
462302
403808
422733
431004
407220
456468
464808
408161
473952
463572
424615
436802
442505
411816
433167
463577
474487
460258
412714
448946
446744
479860
484577
442627
447971
450227
408501
425828
490292
450663
446023
477894
407220
432384
474473
432315
477826
434633
480327
431692
435684
426639
480956
433477
474665
432386
413496
436611
435680
477555
478200
447935
470795
426688
430018
444938
430692
400659
409427
432379
442369
411817
435683
415127
460260
401795
464579
403061
415969
418566
442621
406049
432374
474485
442828
451238
484588
429164
429263
443049
443057
447495
430665
475056
471529
444278
444278
445162
448916
449489
461000
435287
423676
461098
479102
400613
422695
484341
473480
411297
475055
477761
410118
471927
402451
463551
480301
442958
430594
430058
443512
447460
447093
474489
452329
445101
429262
435687
448209
449501
427099
441420
432881
406064
414730
463586
407154
402218
426245
444557
446501
451015